01/1960
36.614465
49.468227
249.543800
479.705000
118.158276
10.868297
2024.720500
22.519353
1395.452300
666.017600
25.177147
3.824500
439.696200
252.092256
3.302300
1851.958200
2249.783500
17.886888
5.900000
293.218600
54.464074
38.431300
12.711150
3.729400
131.479572
9.033900
353.193500
131.479572
647.840600
107.179800
334.186900
1060.041900
7.094100
4.024300
61.588605
14.029120
532.901300
5.205600
46.766639
4.757000
6.900000
25.177147
584.572400
131.490800
29.968903
23.976500
393.063700
18.462993
3312.807500
1303.693700
17.712893
17.306700
1131.514600
82.706800
9.715800
921.087100
443.955800
665.598600
11.576100
1127.470500
67.348733
4.619100
544.445900
39.525800
8.946433
316.676600
111.508900
470.060400
3.425800
351.540500
3.866200
7.080898
3.002800
1353.647900
15.300200
11.864100
9.715800
790.217200
3.729700
3.172800
564.422800
24.641690
578.974700
149.500239
25.177147
2429.712900
38.027410
42.238600
360.743100
118.158276
32.385300
26.637123
280.342600
274.553600
11.867500
1456.057500
354.729600
5.444900
67.753600
5.834500
131.479572
14.343600
13.597400
167.586839
758.661100
94.659900
11.395200
9.165672
36.020700
4.184860
78.577800
508.879000
293.875600
250.524600
430.186900
25.177147
26.885800
387.763200
1034.728800
162.853900
393.232300
282.304400
21.142234
161.169290
171.590458
15.776000
4.526100
118.158276
3.085700
6.424500
1166.855900
56.714100
32.914802
24.669600
5.431500
3803.823100
683.474800
1.909200
730.736800
3.730000
206.860550
481.720900
496.653800
492.292900
2.938400
149.500239
1123.932200
344.197900
3.018667
442.154100
339.159500
366.661100
191.530900
447.060700
3.076000
59.666900
5.677300
493.004300
34.125902
29.770200
941.994500
437.294300
118.158276
118.158276
4.757000
488.145300
41.880396
29.732100
1263.081300
5.809700
131.479572
359.494100
4.265300
2.776400
118.158276
4.757000
25.459500
60.627500
703.031300
6.168880
