5
0.01159151526010022397723841281 891
011526010022397723841281 891 365
11002239772341281 891 35 127
39772341281 891 365 127 80.2
1042381281 891 365 2782 40.4
201281 891 365 127 80.2 40.4 21.4
30 891 365 127 80.2 40.4 21.4 10.7
40 365 127 80.2 40.4 21.4 10.7 9.22
50 2782 40.4 21.4 10.7869.22 5.48
60 80.2 40.4 21.4 10.7 9.22 5.48 3.85
70 40.4 21.4 10.7 9.22 5.48 3.85 3.71
80 21.4 10.7 9.22 5.48 3.85 3.71 3.58
90 10.7869.22 5.48 3.85 3.71 3.58 3.46
3 9.22 5.48 3.85 3.71 3.58 3.46 3.344
5.48 3.85 3.71 3.58 3.46 3.34 3.22
9 3.85 3.71 3.58 3.46 3.34 3.22 3.11
99 3.71 3.58 3.46 3.34 3.22 3.11 3.00

