01/1960
529.192200
863.026400
50.372100
71.270500
5.169800
188.681400
28.813540
65.185100
77.687220
115.248605
8.661400
1637.815000
24.385850
148.939255
13.673053
408.631400
581.197300
483.798600
3.616100
262.586700
38.541667
53.928000
276.682100
488.747000
54.805700
30.695020
116.665475
11.781860
149.107000
16.409800
2.841500
3.842260
2.554600
67.357779
458.038900
30.886158
6.914600
20.381225
61.157200
426.597300
11.419700
5.527640
187.152127
127.564100
10.042500
3.675600
1250.792500
3.977900
148.939255
418.629900
516.863800
5.807000
471.380700
11.781860
519.370100
12.875548
3.394800
5.385900
1.862780
38.284300
859.239500
96.117200
632.733200
1057.257000
14.770500
864.612200
67.971500
739.362900
1315.304200
304.484100
456.135100
32.963900
2326.893000
22.552200
138.179100
34.241708
9.450440
21.167906
67.357779
1293.319600
1204.314200
148.939255
9.443125
8.738600
648.587700
46.573317
7.715790
158.756895
142.405900
7.719462
1.862780
334.892000
501.483000
51.348600
191.161502
340.455100
851.780400
8.959142
21.577843
21.577843
868.567800
3.717200
127.715031
4.102900
6.700500
2.992800
17.976578
154.209300
8.631950
46.439000
14.345400
5.352333
64.197400
3.006500
3.672800
3.471500
87.535500
42.451648
25.928310
649.390800
510.614400
3.489700
427.634300
61.138200
4.908000
30.695020
5.302200
257.237800
1623.627300
5.302200
10.459167
30.695020
149.900100
17.976578
277.261096
134.101268
71.871800
436.435900
5.423000
531.807700
2463.209300
2.764300
4.660300
9.096043
427.358300
1097.929600
17.976578
86.678533
37.357800
352.748900
362.293500
3437.203200
380.400100
355.520600
115.248605
1563.534100
9.411043
5.173260
424.189000
413.099400
2.256540
4.034300
7.188300
27.262400
386.759000
260.867431
334.892000
370.791100
64.358700
740.350200
31.152662
3.317900
15.401900
21.526000
1317.384300
114.647500
8.026813
191.161502
683.256100
3.204600
